279 -118.2 0.0771
280 -117.9 0.0844
281 -117.6 0.1063
282 -117.3 0.1282
283 -117 0.172
284 -116.7 0.2158
285 -116.4 0.1866
286 -116.1 0.2158
287 -115.8 0.2377
288 -115.5 0.2231
289 -115.2 0.2231
290 -114.9 0.2158
291 -114.6 0.1793
292 -114.3 0.1282
293 -114 0.1136
294 -113.7 0.1282
295 -113.4 0.1574
296 -113.1 0.172
297 -112.8 0.1136
298 -112.5 0.1063
299 -112.2 0.1282
300 -111.9 0.1574
301 -111.6 0.1355
302 -111.3 0.1282
303 -111 0.099
304 -110.7 0.0625
305 -110.4 0.0844
306 -110.1 0.0917
307 -109.8 0.0917
308 -109.5 0.099
309 -109.2 0.1501
310 -108.9 0.1428
311 -108.6 0.1136
312 -108.3 0.099
313 -108 0.1428
314 -107.7 0.1209
315 -107.4 0.1063
316 -107.1 0.1136
317 -106.8 0.1355
318 -106.5 0.1428
319 -106.2 0.1428
320 -105.9 0.1209
321 -105.6 0.099
322 -105.3 0.1355
323 -105 0.1209
324 -104.7 0.0771
325 -104.4 0.099
326 -104.1 0.1209
327 -103.8 0.1209
328 -103.5 0.099
329 -103.2 0.099
330 -102.9 0.0771
331 -102.6 0.0698
332 -102.3 0.0844
333 -102 0.1647
334 -101.7 0.0844
335 -101.4 0.0625
336 -101.1 0.0917
337 -100.8 0.1136
338 -100.5 0.1209
339 -100.2 0.1063
340 -99.9 0.0917
341 -99.6 0.0917
342 -99.3 0.0771
343 -99 0.0698
344 -98.7 0.0698
345 -98.4 0.0917
346 -98.1 0.0698
347 -97.8 0.0552
348 -97.5 0.0552
349 -97.2 0.0552
350 -96.9 0.0625
351 -96.6 0.0698
352 -96.3 0.0625
353 -96 0.0771
354 -95.7 0.0844
355 -95.4 0.0917
356 -95.1 0.0771
357 -94.8 0.0771
358 -94.5 0.0917
359 -94.2 0.0917
360 -93.9 0.0771
361 -93.6 0.0771
362 -93.3 0.0698
363 -93 0.0625
364 -92.7 0.0552
365 -92.4 0.0844
366 -92.1 0.0771
367 -91.8 0.0625
368 -91.5 0.0552
369 -91.2 0.0114
370 -90.9 0.026
371 -90.6 0.0406
372 -90.3 0.0406
373 -90 0.0406
374 -89.7 0.0552
375 -89.4 0.0844
376 -89.1 0.099
377 -88.8 0.0771
378 -88.5 0.0844
379 -88.2 0.1063
380 -87.9 0.1063
381 -87.6 0.1136
382 -87.3 0.1209
383 -87 0.1209
384 -86.7 0.099
385 -86.4 0.099
386 -86.1 0.0844
387 -85.8 0.0771
388 -85.5 0.0771
389 -85.2 0.1063
390 -84.9 0.0771
391 -84.6 0.0479
392 -84.3 0.1063
393 -84 0.099
394 -83.7 0.0917
395 -83.4 0.0771
396 -83.1 0.0406
397 -82.8 0.0698
398 -82.5 0.1063
399 -82.2 0.1355
400 -81.9 0.1355
401 -81.6 0.1136
402 -81.3 0.0917
403 -81 0.0698
404 -80.7 0.0479
405 -80.4 0.099
406 -80.1 0.1063
407 -79.8 0.0333
408 -79.5 0.0333
409 -79.2 0.0771
410 -78.9 0.0844
411 -78.6 0.0114
412 -78.3 0.0625
413 -78 0.0844
414 -77.7 0.0917
415 -77.4 0.0844
416 -77.1 0.0625
417 -76.8 0.0625
418 -76.5 0.0625
419 -76.2 0.0187
420 -75.9 -0.0032
421 -75.6 0.0114
422 -75.3 0.0406
423 -75 0.0406
424 -74.7 0.0479
425 -74.4 0.0333
426 -74.1 0.0187
427 -73.8 0.0479
428 -73.5 0.0187
429 -73.2 0.0187
430 -72.9 0.0406
431 -72.6 0.0406
432 -72.3 -0.0397
433 -72 -0.0543
434 -71.7 -0.0178
435 -71.4 0.0041
436 -71.1 0.0187
437 -70.8 0.0114
438 -70.5 -0.0032
439 -70.2 0.0479
440 -69.9 0.026
441 -69.6 -0.0251
442 -69.3 -0.0689
443 -69 -0.0324
444 -68.7 -0.0105
445 -68.4 -0.0105
446 -68.1 -0.047
447 -67.8 -0.0616
448 -67.5 -0.047
449 -67.2 -0.0251
450 -66.9 -0.0105
451 -66.6 -0.0324
452 -66.3 -0.0397
453 -66 -0.0324
454 -65.7 -0.0324
455 -65.4 -0.0324
456 -65.1 -0.0397
457 -64.8 -0.0324
458 -64.5 -0.0178
459 -64.2 -0.0032
460 -63.9 -0.0032
461 -63.6 -0.0178
462 -63.3 -0.0178
463 -63 -0.0105
464 -62.7 -0.0032
465 -62.4 -0.0251
466 -62.1 -0.0105
467 -61.8 -0.0032
468 -61.5 -0.0032
469 -61.2 -0.0032
470 -60.9 -0.0105
471 -60.6 -0.0105
472 -60.3 -0.0032
473 -60 0.0114
474 -59.7 0.0114
475 -59.4 0.026
476 -59.1 0.0333
477 -58.8 0.0187
478 -58.5 0.0187
479 -58.2 0.026
480 -57.9 0.0333
481 -57.6 0.0333
482 -57.3 0.0041
483 -57 0.0114
484 -56.7 0.0406
485 -56.4 0.0406
486 -56.1 0.026
487 -55.8 0.0698
488 -55.5 0.1209
489 -55.2 0.0333
518 -46.5 63.682
519 -46.2 63.8426
520 -45.9 63.9375
521 -45.6 64.1127
522 -45.3 64.2879
523 -45 64.4704
524 -44.7 64.6675
525 -44.4 64.8573
526 -44.1 64.8646
527 -43.8 64.9741
528 -43.5 65.0982
529 -43.2 65.215
530 -42.9 65.3172
531 -42.6 65.4048
532 -42.3 65.5289
533 -42 65.653
534 -41.7 65.7625
535 -41.4 65.8647
536 -41.1 65.9596
537 -40.8 66.0545
538 -40.5 66.1713
539 -40.2 66.2881
540 -39.9 66.383
541 -39.6 66.4487
542 -39.3 66.5217
543 -39 66.5947
544 -38.7 66.7407
545 -38.4 66.821
546 -38.1 66.8502
547 -37.8 66.9451
548 -37.5 67.1787
549 -37.2 67.1787
550 -36.9 67.1714
551 -36.6 67.2371
552 -36.3 67.3174
553 -36 67.332
554 -35.7 67.5145
555 -35.4 67.5802
556 -35.1 67.6167
557 -34.8 67.6678
558 -34.5 67.77
559 -34.2 67.8868
560 -33.9 67.9379
561 -33.6 68.0109
562 -33.3 68.0401
563 -33 68.0766
564 -32.7 68.1642
565 -32.4 68.2372
566 -32.1 68.3321
567 -31.8 68.3029
568 -31.5 68.3321
569 -31.2 68.3759
570 -30.9 68.4635
571 -30.6 68.6241
572 -30.3 68.5803
573 -30 68.5876
574 -29.7 68.7263
575 -29.4 68.8066
576 -29.1 68.792
577 -28.8 68.8212
578 -28.5 68.8577
579 -28.2 68.8431
580 -27.9 68.9161
581 -27.6 68.9745
582 -27.3 68.9964
583 -27 69.0256
584 -26.7 69.1351
585 -26.4 69.157
586 -26.1 69.2081
587 -25.8 69.2154
588 -25.5 69.2373
589 -25.2 69.3103
590 -24.9 69.3322
591 -24.6 69.3541
592 -24.3 69.3687
593 -24 69.4198
594 -23.7 69.4782
595 -23.4 69.5074
596 -23.1 69.5366
597 -22.8 69.522
598 -22.5 69.5001
599 -22.2 69.5147
600 -21.9 69.5731
601 -21.6 69.6315
602 -21.3 69.6534
603 -21 69.6461
604 -20.7 69.7337
605 -20.4 69.7264
606 -20.1 69.6972
607 -19.8 69.7191
608 -19.5 69.7848
609 -19.2 69.7702
610 -18.9 69.7702
611 -18.6 69.8213
612 -18.3 69.8651
613 -18 69.887
614 -17.7 69.8797
615 -17.4 69.9235
616 -17.1 69.9089
617 -16.8 69.9016
618 -16.5 69.9016
619 -16.2 69.9381
620 -15.9 70.0111
621 -15.6 70.0403
622 -15.3 69.9746
623 -15 70.0184
624 -14.7 70.0549
625 -14.4 70.0549
626 -14.1 70.0695
627 -13.8 70.1425
628 -13.5 70.2155
629 -13.2 70.0914
630 -12.9 70.1279
631 -12.6 70.1352
632 -12.3 70.1206
633 -12 70.1644
634 -11.7 70.2374
635 -11.4 70.2155
636 -11.1 70.2082
637 -10.8 70.1571
638 -10.5 70.1863
639 -10.2 70.2447
640 -9.9 70.2447
641 -9.6 70.2812
642 -9.3 70.2812
643 -9 70.3031
644 -8.7 70.3469
645 -8.4 70.3688
646 -8.1 70.3542
647 -7.8 70.398
648 -7.5 70.4199
649 -7.2 70.5075
650 -6.9 70.4856
651 -6.6 70.4637
652 -6.3 70.4929
653 -6 70.5148
654 -5.7 70.5586
655 -5.4 70.544
656 -5.1 70.5513
657 -4.8 70.5513
658 -4.5 70.5732
659 -4.2 70.6243
660 -3.9 70.5732
661 -3.6 70.5732
662 -3.3 70.5951
663 -3 70.6389
664 -2.7 70.6608
665 -2.4 70.6535
666 -2.1 70.69
667 -1.8 70.69
668 -1.5 70.7119
669 -1.2 70.69
670 -0.9 70.69
671 -0.6 70.7265
672 -0.3 70.763
673 0 70.8214
674 0.3 70.7265
675 0.6 70.7119
676 0.9 70.7411
677 1.2 70.7776
678 1.5 70.7776
679 1.8 70.7119
680 2.1 70.763
681 2.4 70.7703
682 2.7 70.7922
683 3 70.8214
684 3.3 70.836
685 3.6 70.8287
686 3.9 70.7995
687 4.2 70.7776
688 4.5 70.7703
689 4.8 70.8068
690 5.1 70.8141
691 5.4 70.8068
692 5.7 70.8433
693 6 70.8214
694 6.3 70.8506
695 6.6 70.8652
696 6.9 70.8287
697 7.2 70.7995
698 7.5 70.7922
699 7.8 70.7776
700 8.1 70.7776
701 8.4 70.7703
702 8.7 70.7484
703 9 70.7338
704 9.3 70.7119
705 9.6 70.6462
706 9.9 70.6827
707 10.2 70.69
708 10.5 70.7192
709 10.8 70.69
710 11.1 70.6243
711 11.4 70.6316
712 11.7 70.6243
713 12 70.5805
714 12.3 70.5659
715 12.6 70.5148
716 12.9 70.4783
717 13.2 70.5148
718 13.5 70.4783
719 13.8 70.4418
720 14.1 70.3907
721 14.4 70.3615
722 14.7 70.3031
723 15 70.2155
724 15.3 70.1863
725 15.6 70.2666
726 15.9 70.1717
727 16.2 70.179
728 16.5 70.1352
729 16.8 70.0476
730 17.1 70.0914
731 17.4 70.1279
732 17.7 69.9454
733 18 69.8359
734 18.3 69.7702
735 18.6 69.7483
736 18.9 69.8067
737 19.2 69.7191
738 19.5 69.6023
739 19.8 69.595
740 20.1 69.5585
741 20.4 69.449
742 20.7 69.3614
743 21 69.2665
744 21.3 69.2081
745 21.6 69.1497
746 21.9 69.0767
747 22.2 69.0183
748 22.5 68.9964
749 22.8 68.8942
750 23.1 68.7774
751 23.4 68.6971
752 23.7 68.6314
753 24 68.5803
754 24.3 68.5584
755 24.6 68.4124
756 24.9 68.3321
757 25.2 68.2372
758 25.5 68.1204
759 25.8 68.0036
760 26.1 67.8941
761 26.4 67.7335
762 26.7 67.6094
763 27 67.4999
764 27.3 67.4196
794 36.3 -0.0032
795 36.6 -0.0908
796 36.9 -0.0762
797 37.2 -0.0689
798 37.5 -0.0835
799 37.8 -0.0397
800 38.1 -0.0324
801 38.4 -0.0397
802 38.7 -0.0251
803 39 -0.0105
804 39.3 -0.0397
805 39.6 -0.0835
806 39.9 -0.12
807 40.2 -0.1127
808 40.5 -0.1054
809 40.8 -0.0908
810 41.1 -0.0397
811 41.4 -0.0616
812 41.7 -0.0762
813 42 -0.0762
814 42.3 -0.0251
815 42.6 -0.0178
816 42.9 -0.0324
817 43.2 -0.047
818 43.5 -0.0178
819 43.8 -0.0178
820 44.1 -0.0324
821 44.4 -0.0105
822 44.7 -0.047
823 45 -0.0616
824 45.3 -0.0689
825 45.6 -0.0616
826 45.9 -0.0397
827 46.2 -0.0251
828 46.5 -0.0324
829 46.8 -0.0324
830 47.1 -0.0251
831 47.4 -0.0251
832 47.7 -0.0397
833 48 -0.0397
834 48.3 -0.0251
835 48.6 -0.0105
836 48.9 -0.0251
837 49.2 -0.0105
838 49.5 -0.0032
839 49.8 0.0041
840 50.1 0.0406
841 50.4 0.0041
842 50.7 -0.0105
843 51 0.0041
844 51.3 -0.0251
845 51.6 0.0041
846 51.9 0.026
847 52.2 0.0041
848 52.5 -0.0105
849 52.8 -0.0251
850 53.1 -0.0324
851 53.4 -0.0324
852 53.7 -0.0105
853 54 0.026
854 54.3 0.0552
855 54.6 0.0625
856 54.9 0.0552
857 55.2 0.0479
858 55.5 0.0406
859 55.8 0.0406
860 56.1 0.0187
861 56.4 0.0187
862 56.7 0.0479
863 57 0.0479
864 57.3 0.0041
865 57.6 -0.0105
866 57.9 0.026
867 58.2 -0.0178
868 58.5 -0.0324
869 58.8 -0.0324
870 59.1 -0.0105
871 59.4 -0.0105
872 59.7 -0.0032
873 60 0.0187
874 60.3 0.0479
875 60.6 -0.0324
876 60.9 -0.0324
877 61.2 0.0114
878 61.5 0.0333
879 61.8 0.0552
880 62.1 0.0114
881 62.4 -0.047
882 62.7 0.0187
883 63 0.026
884 63.3 0.026
885 63.6 0.0479
886 63.9 0.0041
887 64.2 0.0333
888 64.5 0.0625
889 64.8 0.026
890 65.1 0.0333
891 65.4 0.0187
892 65.7 0.0114
893 66 0.0698
894 66.3 0.0114
895 66.6 -0.0251
896 66.9 -0.0105
897 67.2 -0.0324
898 67.5 0.0187
899 67.8 0.026
900 68.1 -0.0105
901 68.4 0.0333
902 68.7 0.0552
903 69 0.026
904 69.3 -0.0397
905 69.6 0.0406
906 69.9 0.0333
907 70.2 -0.0105
908 70.5 -0.0762
909 70.8 -0.0324
910 71.1 0.0187
911 71.4 0.0333
912 71.7 -0.0178
913 72 0.0333
914 72.3 0.0698
915 72.6 0.0844
916 72.9 0.0771
917 73.2 0.0114
918 73.5 -0.0105
919 73.8 0.0187
920 74.1 -0.0032
921 74.4 0.0187
922 74.7 -0.0178
923 75 -0.0835
924 75.3 0.0333
925 75.6 -0.0032
926 75.9 -0.0032
927 76.2 0.0844
928 76.5 -0.0032
929 76.8 -0.0324
930 77.1 -0.047
931 77.4 -0.0689
932 77.7 -0.047
933 78 -0.0324
934 78.3 -0.0324
935 78.6 -0.0324
936 78.9 0.0041
937 79.2 0.0406
938 79.5 0.0552
939 79.8 0.026
940 80.1 0.1136
941 80.4 0.099
942 80.7 0.026
943 81 0.099
944 81.3 0.0771
945 81.6 0.0479
946 81.9 0.026
947 82.2 -0.0032
948 82.5 0.0187
949 82.8 0.0406
950 83.1 0.0187
951 83.4 -0.0324
952 83.7 0.0114
953 84 0.0698
954 84.3 0.0917
955 84.6 0.0552
956 84.9 0.0479
957 85.2 0.0844
958 85.5 0.1574
959 85.8 0.0844
960 86.1 0.0698
961 86.4 0.0917
962 86.7 0.1136
963 87 0.0771
964 87.3 0.0698
965 87.6 0.0917
966 87.9 0.1063
967 88.2 0.1136
968 88.5 0.1063
969 88.8 0.0917
970 89.1 0.1355
971 89.4 0.1209
972 89.7 0.1136
973 90 0.1282
974 90.3 0.1282
975 90.6 0.1209
976 90.9 0.1282
977 91.2 0.1501
978 91.5 0.1501
979 91.8 0.1209
980 92.1 0.0917
981 92.4 0.1136
982 92.7 0.0698
983 93 0.0698
984 93.3 0.1063
985 93.6 0.1428
986 93.9 0.0917
987 94.2 0.0552
988 94.5 0.0406
989 94.8 0.0333
990 95.1 0.1574
991 95.4 0.1866
992 95.7 0.1355
993 96 0.1063
994 96.3 0.1063
995 96.6 0.1355
996 96.9 0.172
997 97.2 0.1428
998 97.5 0.1282
999 97.8 0.1209
1000 98.1 0.1428
1001 98.4 0.0698
1002 98.7 0.099
1003 99 0.1136
1004 99.3 0.0698
1005 99.6 0.1136
1006 99.9 0.1136
1007 100.2 0.099
1008 100.5 0.1282
1009 100.8 0.0625
1010 101.1 0.0552
1011 101.4 0.0844
1012 101.7 0.1136
1013 102 0.0844
1014 102.3 0.0698
1015 102.6 0.0625
1016 102.9 0.1063
1017 103.2 0.1428
1018 103.5 0.1501
1019 103.8 0.1209
1020 104.1 0.1063
1021 104.4 0.1063
1022 104.7 0.1355
1023 105 0.1574
1024 105.3 0.0625
1025 105.6 0.0917
1026 105.9 0.1574
1027 106.2 0.1866
1028 106.5 0.099
1029 106.8 0.0917
1030 107.1 0.1282
1031 107.4 0.1501
1032 107.7 0.2012
1033 108 0.1793
1034 108.3 0.1501
1035 108.6 0.1574
1036 108.9 0.1282
1037 109.2 0.1209
1038 109.5 0.1428
1039 109.8 0.1866
1040 110.1 0.1501
1041 110.4 0.1501
1042 110.7 0.1793
1043 111 0.1647
1044 111.3 0.1501
1045 111.6 0.1501
1046 111.9 0.1793
1047 112.2 0.2377
1048 112.5 0.2377
1049 112.8 0.2085
1050 113.1 0.1793
1051 113.4 0.172
1052 113.7 0.1647
1053 114 0.1647
1054 114.3 0.172
1055 114.6 0.1793
1056 114.9 0.2377
1057 115.2 0.245
1058 115.5 0.2158
1059 115.8 0.1793
1060 116.1 0.2085
1061 116.4 0.2304
1062 116.7 0.2377
1063 117 0.2158
1064 117.3 0.2377
1065 117.6 0.2377
1066 117.9 0.2231
1067 118.2 0.1939
1068 118.5 0.2231
1069 118.8 0.2012
1070 119.1 0.172
1071 119.4 0.172
1072 119.7 0.2158

