1542755010313, -100.377, 79.434
1542755010345, -100.377, 79.434
1542755010377, -100.377, 79.434
1542755010409, -100.377, 79.434
1542755010441, -100.377, 79.434
1542755010473, -100.377, 79.434
1542755010505, -100.377, 79.434
1542755010537, -100.377, 79.434
1542755010569, -100.377, 79.434
1542755010601, -100.377, 79.434
1542755010633, -100.377, 79.434
1542755010665, -100.377, 79.434
1542755010697, -100.377, 79.434
1542755010729, -100.377, 79.434
1542755010761, -100.377, 79.434
1542755010793, -100.377, 79.434
1542755010825, -100.377, 79.434
1542755010857, -100.377, 79.434
1542755010889, -100.377, 79.434
1542755010921, -100.377, 79.434
1542755010953, -100.377, 79.434
1542755010985, -100.377, 79.434
1542755011017, -100.377, 79.434
1542755011049, -100.377, 79.434
1542755011081, -100.377, 79.434
1542755011113, -100.377, 79.434
1542755011289, -100.377, 79.434
1542755011321, 69.0566, -96.7925
1542755011353, 69.0566, -96.7925
1542755011385, 69.0566, -96.7925
1542755011417, 69.0566, -96.7925
1542755011449, 69.0566, -96.7925
1542755011481, 69.0566, -96.7925
1542755011513, 69.0566, -96.7925
1542755011545, 69.0566, -96.7925
1542755011577, 69.0566, -96.7925
1542755011609, 69.0566, -96.7925
1542755011641, 69.0566, -96.7925
1542755011673, 69.0566, -96.7925
1542755011705, 69.0566, -96.7925
1542755011737, 69.0566, -96.7925
1542755011769, 69.0566, -96.7925
1542755011801, 69.0566, -96.7925
1542755011833, 69.0566, -96.7925
1542755011881, 69.0566, -96.7925
1542755011913, 69.0566, -96.7925
1542755011945, 69.0566, -96.7925
1542755011977, 69.0566, -96.7925
1542755012009, 69.0566, -96.7925
1542755012041, 69.0566, -96.7925
1542755012073, 69.0566, -96.7925
1542755012105, 69.0566, -96.7925
1542755012137, 69.0566, -96.7925
1542755012169, 69.0566, -96.7925
1542755012201, 69.0566, -96.7925
1542755012233, 69.0566, -96.7925
1542755012265, 69.0566, -96.7925
1542755012297, 69.0566, -96.7925
1542755012329, 69.0566, -96.7925
1542755012361, 69.0566, -96.7925
1542755012393, 69.0566, -96.7925
1542755012425, 69.0566, -96.7925
1542755012601, 69.0566, -96.7925
1542755012633, 79.6226, -100.377
1542755012665, 79.6226, -100.377
1542755012697, 79.6226, -100.377
1542755012729, 79.6226, -100.377
1542755012761, 79.6226, -100.377
1542755012793, 79.6226, -100.377
1542755012825, 79.6226, -100.377
1542755012857, 79.6226, -100.377
1542755012889, 79.6226, -100.377
1542755012921, 79.6226, -100.377
1542755012953, 79.6226, -100.377
1542755012985, 79.6226, -100.377
1542755013017, 79.6226, -100.377
1542755013049, 79.6226, -100.377
1542755013081, 79.6226, -100.377
1542755013113, 79.6226, -100.377
1542755013145, 79.6226, -100.377
1542755013193, 79.6226, -100.377
1542755013225, 79.6226, -100.377
1542755013257, 79.6226, -100.377
1542755013289, 79.6226, -100.377
1542755013321, 79.6226, -100.377
1542755013352, 79.6226, -100.377
1542755013384, 79.6226, -100.377
1542755013416, 79.6226, -100.377
1542755013448, 79.6226, -100.377
1542755013480, 79.6226, -100.377
1542755013512, 79.6226, -100.377
1542755013544, 79.6226, -100.377
1542755013576, 79.6226, -100.377
1542755013608, 79.6226, -100.377
1542755013640, 79.6226, -100.377
1542755013672, 79.6226, -100.377
1542755013704, 79.6226, -100.377
1542755013736, 79.6226, -100.377
1542755013912, 79.6226, -100.377
1542755013944, 79.434, -100.566
1542755013976, 79.434, -100.566
1542755014008, 79.434, -100.566
1542755014040, 79.434, -100.566
1542755014072, 79.434, -100.566
1542755014104, 79.434, -100.566
1542755014136, 79.434, -100.566
1542755014168, 79.434, -100.566
1542755014200, 79.434, -100.566
1542755014232, 79.434, -100.566
1542755014264, 79.434, -100.566
1542755014296, 79.434, -100.566
1542755014328, 79.434, -100.566
1542755014360, 79.434, -100.566
1542755014392, 79.434, -100.566
1542755014424, 79.434, -100.566
1542755014456, 79.434, -100.566
1542755014504, 79.434, -100.566
1542755014536, 79.434, -100.566
1542755014568, 79.434, -100.566
1542755014600, 79.434, -100.566
1542755014632, 79.434, -100.566
1542755014664, 79.434, -100.566
1542755014696, 79.434, -100.566
1542755014728, 79.434, -100.566
1542755014760, 79.434, -100.566
1542755014792, 79.434, -100.566
1542755014824, 79.434, -100.566
1542755014856, 79.434, -100.566
1542755014888, 79.434, -100.566
1542755014920, 79.434, -100.566
1542755014952, 79.434, -100.566
1542755014984, 79.434, -100.566
1542755015016, 79.434, -100.566
1542755015048, 79.434, -100.566
1542755015224, 79.434, -100.566
1542755015256, 79.6226, -100.943
1542755015288, 79.6226, -100.943
1542755015320, 79.6226, -100.943
1542755015352, 79.6226, -100.943
1542755015384, 79.6226, -100.943
1542755015416, 79.6226, -100.943
1542755015448, 79.6226, -100.943
1542755015480, 79.6226, -100.943
1542755015512, 79.6226, -100.943
1542755015544, 79.6226, -100.943
1542755015576, 79.6226, -100.943
1542755015608, 79.6226, -100.943
1542755015640, 79.6226, -100.943
1542755015672, 79.6226, -100.943
1542755015704, 79.6226, -100.943
1542755015736, 79.6226, -100.943
1542755015768, 79.6226, -100.943
1542755015816, 79.6226, -100.943
1542755015848, 79.6226, -100.943
1542755015880, 79.6226, -100.943
1542755015912, 79.6226, -100.943
1542755015944, 79.6226, -100.943
1542755015976, 79.6226, -100.943
1542755016008, 79.6226, -100.943
1542755016040, 79.6226, -100.943
1542755016072, 79.6226, -100.943
1542755016104, 79.6226, -100.943
1542755016136, 79.6226, -100.943
1542755016168, 79.6226, -100.943
1542755016200, 79.6226, -100.943
1542755016232, 79.6226, -100.943
1542755016264, 79.6226, -100.943
1542755016296, 79.6226, -100.943
1542755016328, 79.6226, -100.943
1542755016360, 79.6226, -100.943
1542755016535, 79.6226, -100.943
1542755016567, 79.2453, -100.755
1542755016599, 79.2453, -100.755
1542755016631, 79.2453, -100.755
1542755016663, 79.2453, -100.755
1542755016695, 79.2453, -100.755
1542755016727, 79.2453, -100.755
1542755016759, 79.2453, -100.755
1542755016791, 79.2453, -100.755
1542755016823, 79.2453, -100.755
1542755016855, 79.2453, -100.755
1542755016887, 79.2453, -100.755
1542755016919, 79.2453, -100.755
1542755016951, 79.2453, -100.755
1542755016983, 79.2453, -100.755
1542755017015, 79.2453, -100.755
1542755017047, 79.2453, -100.755
1542755017079, 79.2453, -100.755
1542755017127, 79.2453, -100.755
1542755017159, 79.2453, -100.755
1542755017191, 79.2453, -100.755
1542755017223, 79.2453, -100.755
1542755017255, 79.2453, -100.755
1542755017287, 79.2453, -100.755
1542755017319, 79.2453, -100.755
1542755017351, 79.2453, -100.755
1542755017383, 79.2453, -100.755
1542755017415, 79.2453, -100.755
1542755017447, 79.2453, -100.755
1542755017479, 79.2453, -100.755
1542755017511, 79.2453, -100.755
1542755017543, 79.2453, -100.755
1542755017575, 79.2453, -100.755
1542755017607, 79.2453, -100.755
1542755017639, 79.2453, -100.755
1542755017671, 79.2453, -100.755
1542755017847, 79.2453, -100.755
1542755017879, 79.2453, -100.189
1542755017911, 79.2453, -100.189
1542755017943, 79.2453, -100.189
1542755017975, 79.2453, -100.189
1542755018007, 79.2453, -100.189
1542755018039, 79.2453, -100.189
1542755018071, 79.2453, -100.189
1542755018103, 79.2453, -100.189
1542755018135, 79.2453, -100.189
1542755018167, 79.2453, -100.189
1542755018199, 79.2453, -100.189
1542755018231, 79.2453, -100.189
1542755018263, 79.2453, -100.189
1542755018295, 79.2453, -100.189
1542755018327, 79.2453, -100.189
1542755018359, 79.2453, -100.189
1542755018391, 79.2453, -100.189
1542755018439, 79.2453, -100.189
1542755018471, 79.2453, -100.189
1542755018503, 79.2453, -100.189
1542755018535, 79.2453, -100.189
1542755018567, 79.2453, -100.189
1542755018599, 79.2453, -100.189
1542755018631, 79.2453, -100.189
1542755018663, 79.2453, -100.189
1542755018695, 79.2453, -100.189
1542755018727, 79.2453, -100.189
1542755018759, 79.2453, -100.189
1542755018791, 79.2453, -100.189
1542755018823, 79.2453, -100.189
1542755018855, 79.2453, -100.189
1542755018887, 79.2453, -100.189
1542755018919, 79.2453, -100.189
1542755018951, 79.2453, -100.189
1542755018983, 79.2453, -100.189
1542755019159, 79.2453, -100.189
1542755019191, 79.0566, -99.6226
1542755019223, 79.0566, -99.6226
1542755019255, 79.0566, -99.6226
1542755019287, 79.0566, -99.6226
1542755019319, 79.0566, -99.6226
1542755019351, 79.0566, -99.6226
1542755019383, 79.0566, -99.6226
1542755019414, 79.0566, -99.6226
1542755019446, 79.0566, -99.6226
1542755019478, 79.0566, -99.6226
1542755019510, 79.0566, -99.6226
1542755019542, 79.0566, -99.6226
1542755019574, 79.0566, -99.6226
1542755019606, 79.0566, -99.6226
1542755019638, 79.0566, -99.6226
1542755019670, 79.0566, -99.6226
1542755019702, 79.0566, -99.6226
1542755019750, 79.0566, -99.6226
1542755019782, 79.0566, -99.6226
1542755019814, 79.0566, -99.6226
1542755019846, 79.0566, -99.6226
1542755019878, 79.0566, -99.6226
1542755019910, 79.0566, -99.6226
1542755019942, 79.0566, -99.6226
1542755019974, 79.0566, -99.6226
1542755020006, 79.0566, -99.6226
1542755020038, 79.0566, -99.6226
1542755020070, 79.0566, -99.6226
1542755020102, 79.0566, -99.6226
1542755020134, 79.0566, -99.6226
