1542754898655, 0, -0.188679
1542754898703, 0, -0.188679
1542754898751, 0, -0.188679
1542754898799, 0, -0.188679
1542754898847, 0, -0.188679
1542754898895, 0, -0.188679
1542754898943, 0, -0.188679
1542754898991, 0, -0.188679
1542754899039, 0, -0.188679
1542754899087, 0, -0.188679
1542754899135, 0, -0.188679
1542754899183, 0, -0.188679
1542754899231, 0, -0.188679
1542754899279, 0, -0.188679
1542754899327, 0, -0.188679
1542754899375, 0, -0.188679
1542754899423, 0, -0.188679
1542754899471, 0, -0.188679
1542754899519, 0, -0.188679
1542754899567, 0, -0.188679
1542754899615, 0, -0.188679
1542754899663, 0, -0.188679
1542754899791, 0, -0.188679
1542754899903, -99.434, -0.188679
1542754899951, -99.434, 78.6792
1542754899999, -99.434, 78.6792
1542754900047, -99.434, 78.6792
1542754900095, -99.434, 78.6792
1542754900143, -99.434, 78.6792
1542754900191, -99.434, 78.6792
1542754900239, -99.434, 78.6792
1542754900287, -99.434, 78.6792
1542754900335, -99.434, 78.6792
1542754900383, -99.434, 78.6792
1542754900431, -99.434, 78.6792
1542754900479, -99.434, 78.6792
1542754900527, -99.434, 78.6792
1542754900574, -99.434, 78.6792
1542754900622, -99.434, 78.6792
1542754900670, -99.434, 78.6792
1542754900718, -99.434, 78.6792
1542754900766, -99.434, 78.6792
1542754900814, -99.434, 78.6792
1542754900862, -99.434, 78.6792
1542754900910, -99.434, 78.6792
1542754900958, -99.434, 78.6792
1542754901006, -99.434, 78.6792
1542754901102, -99.434, 78.6792
1542754901214, -99.434, 78.6792
1542754901262, -99.434, 79.2453
1542754901310, -99.434, 79.2453
1542754901358, -99.434, 79.2453
1542754901406, -99.434, 79.2453
1542754901454, -99.434, 79.2453
1542754901502, -99.434, 79.2453
1542754901550, -99.434, 79.2453
1542754901598, -99.434, 79.2453
1542754901646, -99.434, 79.2453
1542754901694, -99.434, 79.2453
1542754901742, -99.434, 79.2453
1542754901790, -99.434, 79.2453
1542754901838, -99.434, 79.2453
1542754901886, -99.434, 79.2453
1542754901934, -99.434, 79.2453
1542754901982, -99.434, 79.2453
1542754902030, -99.434, 79.2453
1542754902078, -99.434, 79.2453
1542754902126, -99.434, 79.2453
1542754902174, -99.434, 79.2453
1542754902222, -99.434, 79.2453
1542754902270, -99.434, 79.2453
1542754902318, -99.434, 79.2453
1542754902414, -99.434, 79.2453
1542754902526, -100.755, 79.2453
1542754902574, -100.755, 79.6226
1542754902622, -100.755, 79.6226
1542754902670, -100.755, 79.6226
1542754902718, -100.755, 79.6226
1542754902766, -100.755, 79.6226
1542754902814, -100.755, 79.6226
1542754902862, -100.755, 79.6226
1542754902910, -100.755, 79.6226
1542754902958, -100.755, 79.6226
1542754903006, -100.755, 79.6226
1542754903054, -100.755, 79.6226
1542754903102, -100.755, 79.6226
1542754903150, -100.755, 79.6226
1542754903198, -100.755, 79.6226
1542754903246, -100.755, 79.6226
1542754903294, -100.755, 79.6226
1542754903341, -100.755, 79.6226
1542754903389, -100.755, 79.6226
1542754903437, -100.755, 79.6226
1542754903485, -100.755, 79.6226
1542754903533, -100.755, 79.6226
1542754903581, -100.755, 79.6226
1542754903629, -100.755, 79.6226
1542754903725, -100.755, 79.6226
1542754903837, -100.943, 79.6226
1542754903885, -100.943, 79.434
1542754903933, -100.943, 79.434
1542754903981, -100.943, 79.434
1542754904029, -100.943, 79.434
1542754904077, -100.943, 79.434
1542754904125, -100.943, 79.434
1542754904173, -100.943, 79.434
1542754904221, -100.943, 79.434
1542754904269, -100.943, 79.434
1542754904317, -100.943, 79.434
1542754904365, -100.943, 79.434
1542754904413, -100.943, 79.434
1542754904461, -100.943, 79.434
1542754904509, -100.943, 79.434
1542754904557, -100.943, 79.434
1542754904605, -100.943, 79.434
1542754904653, -100.943, 79.434
1542754904701, -100.943, 79.434
1542754904749, -100.943, 79.434
1542754904797, -100.943, 79.434
1542754904845, -100.943, 79.434
1542754904893, -100.943, 79.434
1542754904941, -100.943, 79.434
1542754905037, -100.943, 79.434
1542754905133, -100.377, 79.434
1542754905181, -100.377, 79.434
1542754905229, -100.377, 79.434
1542754905277, -100.377, 79.434
1542754905325, -100.377, 79.434
1542754905373, -100.377, 79.434
1542754905421, -100.377, 79.434
1542754905469, -100.377, 79.434
1542754905517, -100.377, 79.434
1542754905565, -100.377, 79.434
1542754905613, -100.377, 79.434
1542754905661, -100.377, 79.434
1542754905709, -100.377, 79.434
1542754905757, -100.377, 79.434
1542754905805, -100.377, 79.434
1542754905853, -100.377, 79.434
1542754905901, -100.377, 79.434
1542754905949, -100.377, 79.434
1542754905997, -100.377, 79.434
1542754906045, -100.377, 79.434
1542754906093, -100.377, 79.434
1542754906141, -100.377, 79.434
1542754906189, -100.377, 79.434
1542754906237, -100.377, 79.434
1542754906348, -100.377, 79.434
1542754906444, -99.8113, 79.434
1542754906492, -99.8113, 79.434
1542754906540, -99.8113, 79.434
1542754906588, -99.8113, 79.434
1542754906636, -99.8113, 79.434
1542754906684, -99.8113, 79.434
1542754906732, -99.8113, 79.434
1542754906780, -99.8113, 79.434
1542754906828, -99.8113, 79.434
1542754906876, -99.8113, 79.434
1542754906924, -99.8113, 79.434
1542754906972, -99.8113, 79.434
1542754907020, -99.8113, 79.434
1542754907068, -99.8113, 79.434
1542754907116, -99.8113, 79.434
1542754907164, -99.8113, 79.434
1542754907212, -99.8113, 79.434
1542754907260, -99.8113, 79.434
1542754907308, -99.8113, 79.434
1542754907356, -99.8113, 79.434
1542754907404, -99.8113, 79.434
1542754907452, -99.8113, 79.434
1542754907500, -99.8113, 79.434
1542754907548, -99.8113, 79.434
1542754907660, -99.8113, 79.434
1542754907756, -100.189, 79.434
1542754907804, -100.189, 79.434
1542754907852, -100.189, 79.434
1542754907900, -100.189, 79.434
1542754907948, -100.189, 79.434
1542754907996, -100.189, 79.434
1542754908044, -100.189, 79.434
1542754908092, -100.189, 79.434
1542754908140, -100.189, 79.434
1542754908188, -100.189, 79.434
1542754908236, -100.189, 79.434
1542754908284, -100.189, 79.434
1542754908332, -100.189, 79.434
